Dataset: random   (raw files, 20 file(s))

file                         algo         original      encoded    ratio  encode ms  decode ms struct ent struct byt    ok
------------------------------------------------------------------------------------------------------------------------
rand_001.bin                 Huffman           277        1,285    4.639        9.6        1.1        174      1,024   yes
rand_001.bin                 LZW               277          321    1.159        6.9        1.7        531          0   yes
rand_002.bin                 Huffman           305        1,310    4.295        1.0        0.4        173      1,024   yes
rand_002.bin                 LZW               305          355    1.164        0.7        0.6        558          0   yes
rand_003.bin                 Huffman           615        1,622    2.637        0.4        0.6        223      1,024   yes
rand_003.bin                 LZW               615          741    1.205        1.1        0.8        867          0   yes
rand_004.bin                 Huffman           988        2,000    2.024        0.7        0.9        253      1,024   yes
rand_004.bin                 LZW               988        1,226    1.241        1.7        1.0      1,234          0   yes
rand_005.bin                 Huffman         2,255        3,270    1.450        1.1        1.7        256      1,024   yes
rand_005.bin                 LZW             2,255        2,976    1.320        4.2        2.0      2,468          0   yes
rand_006.bin                 Huffman         3,639        4,658    1.280        0.9        2.7        256      1,024   yes
rand_006.bin                 LZW             3,639        4,948    1.360        4.9        2.3      3,783          0   yes
rand_007.bin                 Huffman         6,774        7,804    1.152        1.3        1.4        256      1,024   yes
rand_007.bin                 LZW             6,774        9,672    1.428        8.4        3.0      6,714          0   yes
rand_008.bin                 Huffman         6,874        7,903    1.150        0.9        0.5        256      1,024   yes
rand_008.bin                 LZW             6,874        9,828    1.430        8.0        4.3      6,810          0   yes
rand_009.bin                 Huffman        14,517       15,548    1.071        2.0        0.9        256      1,024   yes
rand_009.bin                 LZW            14,517       21,380    1.473       12.6        6.2     13,510          0   yes
rand_010.bin                 Huffman        18,221       19,253    1.057        1.1        0.4        256      1,024   yes
rand_010.bin                 LZW            18,221       26,771    1.469       14.2        7.4     16,577          0   yes
rand_011.bin                 Huffman        35,159       36,191    1.029        1.5        0.9        256      1,024   yes
rand_011.bin                 LZW            35,159       51,416    1.462       26.5       10.2     29,721          0   yes
rand_012.bin                 Huffman        70,722       71,754    1.015        2.6        1.4        256      1,024   yes
rand_012.bin                 LZW            70,722       99,370    1.405       48.3       16.2     53,888          0   yes
rand_013.bin                 Huffman        84,109       85,141    1.012        3.0        1.9        256      1,024   yes
rand_013.bin                 LZW            84,109      116,366    1.384       33.8        5.1     62,386          0   yes
rand_014.bin                 Huffman       160,411      161,443    1.006        4.0        3.3        256      1,024   yes
rand_014.bin                 LZW           160,411      210,104    1.310       72.8       17.3     65,536          0   yes
rand_015.bin                 Huffman       355,632      356,664    1.003        7.5        6.9        256      1,024   yes
rand_015.bin                 LZW           355,632      449,274    1.263       70.8       31.4     65,536          0   yes
rand_016.bin                 Huffman       558,430      559,462    1.002       10.8       10.6        256      1,024   yes
rand_016.bin                 LZW           558,430      697,570    1.249      133.2       25.9     65,536          0   yes
rand_017.bin                 Huffman       754,199      755,231    1.001       14.8       14.7        256      1,024   yes
rand_017.bin                 LZW           754,199      937,778    1.243      291.8       25.1     65,536          0   yes
rand_018.bin                 Huffman     1,591,093    1,592,125    1.001       37.8       33.3        256      1,024   yes
rand_018.bin                 LZW         1,591,093    1,964,374    1.235      232.1       38.3     65,536          0   yes
rand_019.bin                 Huffman     2,984,062    2,985,094    1.000       63.1       59.8        256      1,024   yes
rand_019.bin                 LZW         2,984,062    3,673,390    1.231      460.1       73.4     65,536          0   yes
rand_020.bin                 Huffman     2,952,367    2,953,399    1.000       54.9       56.6        256      1,024   yes
rand_020.bin                 LZW         2,952,367    3,632,330    1.230      488.3       69.9     65,536          0   yes

====================================================================================================
TOTALS across 20 file(s)  (20/20 round-tripped correctly)
algo           total in      total out    ratio    encode ms    decode ms struct ent a/p struct byt a/p
--------------------------------------------------------------------------------------------------------
Huffman       9,600,649      9,621,157    1.002        218.9        200.0        246/256      1024/1024
LZW           9,600,649     11,910,190    1.241       1920.2        341.8    32890/65536            0/0
